   1.6497000e+02   0.0000000e+00
   1.6489148e+02   2.4735329e+00
   1.6465624e+02   4.9371057e+00
   1.6426522e+02   7.3807985e+00
   1.6372000e+02   9.7947715e+00
   1.6302277e+02   1.2169304e+01
   1.6217635e+02   1.4494836e+01
   1.6118413e+02   1.6762002e+01
   1.6005013e+02   1.8961673e+01
   1.5877889e+02   2.1084992e+01
   1.5737554e+02   2.3123409e+01
   1.5584573e+02   2.5068717e+01
   1.5419563e+02   2.6913081e+01
   1.5243187e+02   2.8649077e+01
   1.5056155e+02   3.0269712e+01
   1.4859222e+02   3.1768462e+01
   1.4653179e+02   3.3139292e+01
   1.4438857e+02   3.4376681e+01
   1.4217119e+02   3.5475648e+01
   1.3988856e+02   3.6431767e+01
   1.3754989e+02   3.7241187e+01
   1.3516460e+02   3.7900651e+01
   1.3274228e+02   3.8407502e+01
   1.3029269e+02   3.8759700e+01
   1.2782569e+02   3.8955826e+01
   1.2535123e+02   3.8995091e+01
   1.2287925e+02   3.8877336e+01
   1.2041972e+02   3.8603036e+01
   1.1798254e+02   3.8173295e+01
   1.1557752e+02   3.7589844e+01
   1.1321435e+02   3.6855032e+01
   1.1090254e+02   3.5971817e+01
   1.0865140e+02   3.4943757e+01
   1.0647000e+02   3.3774991e+01
   1.0436712e+02   3.2470224e+01
   1.0235122e+02   3.1034712e+01
   1.0043043e+02   2.9474233e+01
   9.8612479e+01   2.7795073e+01
   9.6904686e+01   2.6003991e+01
   9.5313929e+01   2.4108200e+01
   9.3846613e+01   2.2115335e+01
   9.2508647e+01   2.0033418e+01
   9.1305418e+01   1.7870834e+01
   9.0241770e+01   1.5636291e+01
   8.9321988e+01   1.3338786e+01
   8.8549774e+01   1.0987570e+01
   8.7928238e+01   8.5921108e+00
   8.7459883e+01   6.1620544e+00
   8.7146595e+01   3.7071857e+00
   8.6989635e+01   1.2373894e+00
   8.6989635e+01  -1.2373894e+00
   8.7146595e+01  -3.7071857e+00
   8.7459883e+01  -6.1620544e+00
   8.7928238e+01  -8.5921108e+00
   8.8549774e+01  -1.0987570e+01
   8.9321988e+01  -1.3338786e+01
   9.0241770e+01  -1.5636291e+01
   9.1305418e+01  -1.7870834e+01
   9.2508647e+01  -2.0033418e+01
   9.3846613e+01  -2.2115335e+01
   9.5313929e+01  -2.4108200e+01
   9.6904686e+01  -2.6003991e+01
   9.8612479e+01  -2.7795073e+01
   1.0043043e+02  -2.9474233e+01
   1.0235122e+02  -3.1034712e+01
   1.0436712e+02  -3.2470224e+01
   1.0647000e+02  -3.3774991e+01
   1.0865140e+02  -3.4943757e+01
   1.1090254e+02  -3.5971817e+01
   1.1321435e+02  -3.6855032e+01
   1.1557752e+02  -3.7589844e+01
   1.1798254e+02  -3.8173295e+01
   1.2041972e+02  -3.8603036e+01
   1.2287925e+02  -3.8877336e+01
   1.2535123e+02  -3.8995091e+01
   1.2782569e+02  -3.8955826e+01
   1.3029269e+02  -3.8759700e+01
   1.3274228e+02  -3.8407502e+01
   1.3516460e+02  -3.7900651e+01
   1.3754989e+02  -3.7241187e+01
   1.3988856e+02  -3.6431767e+01
   1.4217119e+02  -3.5475648e+01
   1.4438857e+02  -3.4376681e+01
   1.4653179e+02  -3.3139292e+01
   1.4859222e+02  -3.1768462e+01
   1.5056155e+02  -3.0269712e+01
   1.5243187e+02  -2.8649077e+01
   1.5419563e+02  -2.6913081e+01
   1.5584573e+02  -2.5068717e+01
   1.5737554e+02  -2.3123409e+01
   1.5877889e+02  -2.1084992e+01
   1.6005013e+02  -1.8961673e+01
   1.6118413e+02  -1.6762002e+01
   1.6217635e+02  -1.4494836e+01
   1.6302277e+02  -1.2169304e+01
   1.6372000e+02  -9.7947715e+00
   1.6426522e+02  -7.3807985e+00
   1.6465624e+02  -4.9371057e+00
   1.6489148e+02  -2.4735329e+00
   1.6497000e+02  -9.5522450e-15
